CF:  137
Pitch:  236645.0900844252
SNR:  23.304342715011245
[ 1.0007163   2.00066057  3.00087359  4.00162919  5.00227323  6.00205861
  7.00247489  8.00325162  9.00379255 10.00353525 11.00409689 12.00486855
 13.00526032 14.00506513 15.00571847 16.00646901 17.00664737 18.00663643
 19.00734935 20.00804157 21.00796259 22.00822421 23.00897939 24.00961118
 25.00939444 26.00982762 27.01058787 28.01112205 29.01088376 30.01146441
 31.0122103  32.01256065 33.01239547 34.0130767  35.01380357 36.01393757
 37.01398578 38.01473632 39.01538712 40.0153242  41.0155892  42.01633635
 43.01694321 44.01677422 45.01717317 46.01793849 47.01836026 48.0182217
 49.01878334 50.01955543 51.01986437 52.01973299]
CF:  137
Pitch:  365260.45884124085
SNR:  4.691510385635127
[ 1.01593422  2.00040268  4.00018388  6.0007125   8.00068206 10.00097276
 12.00131411 14.00145232 16.00178738 18.0015412  20.00205531 24.00365654
 25.01955517 28.00300868 30.00297523 32.00438842]
CF:  137
Pitch:  60
SNR:  15.689532712260274
[ 1.00333333  1.99666667  2.99833333  3.99833333  5.00666667  6.
  6.99666667  7.99833333  9.          9.99666667 10.99666667 12.00166667
 12.99833333 13.99833333 14.995      16.995      17.99333333 44.98
 53.         54.005     ]
